333333333333333333333333333333333333333333333333333
333333333333333333333333333333333333333333333333333
333333333333333333333333333333333333333333333333333
333333333333333333333333333333333333333333333333333
333333333333333333333333333333333333333333333333333
333333333333333333333333333333333333333333333333333
333333333333333333333333333333333333333333333333333
333333333333333333333333333333333333333333333333333
333333333333333333333333333333333333333333333333333
333333333333333333333333333333333333333333333333333
333333333333333333333333333333333333333333333333333
333333333333333333333333333333333333333333333333333
333333333333333333333333333333333333333333333333333
333333333333333333333333333333333333333333333333333
333333333333333333333333333333333333333333333333333
333333333333333333333333333333333333333333333333333
333333333333333333333333333333333333333333333333333
333333333333333333333333333333333333333333333333333
b99999999999999999999999999999999999999999999999999
